2025/09/01-04:34:52.621867 28f0 RocksDB version: 8.3.0
2025/09/01-04:34:52.621921 28f0 DB SUMMARY
2025/09/01-04:34:52.621934 28f0 DB Session ID:  JUMWCSSTHY37PTXMNXIC
2025/09/01-04:34:52.623056 28f0 CURRENT file:  CURRENT
2025/09/01-04:34:52.623069 28f0 IDENTITY file:  IDENTITY
2025/09/01-04:34:52.623144 28f0 MANIFEST file:  MANIFEST-000137 size: 110 Bytes
2025/09/01-04:34:52.623155 28f0 SST files in C:\Users\Administrator\Desktop\txData\FiveMBasicServerCFXDefault_B41FA1.base\db\default dir, Total Num: 0, files: 
2025/09/01-04:34:52.623163 28f0 Write Ahead Log file in C:\Users\Administrator\Desktop\txData\FiveMBasicServerCFXDefault_B41FA1.base\db\default: 000136.log size: 0 ; 
2025/09/01-04:34:52.623172 28f0                         Options.error_if_exists: 0
2025/09/01-04:34:52.623351 28f0                       Options.create_if_missing: 1
2025/09/01-04:34:52.623358 28f0                         Options.paranoid_checks: 1
2025/09/01-04:34:52.623361 28f0             Options.flush_verify_memtable_count: 1
2025/09/01-04:34:52.623364 28f0                               Options.track_and_verify_wals_in_manifest: 0
2025/09/01-04:34:52.623366 28f0        Options.verify_sst_unique_id_in_manifest: 1
2025/09/01-04:34:52.623369 28f0                                     Options.env: 00000178597B6270
2025/09/01-04:34:52.623371 28f0                                      Options.fs: WinFS
2025/09/01-04:34:52.623374 28f0                                Options.info_log: 000001785979C6D0
2025/09/01-04:34:52.623376 28f0                Options.max_file_opening_threads: 16
2025/09/01-04:34:52.623379 28f0                              Options.statistics: 0000000000000000
2025/09/01-04:34:52.623381 28f0                               Options.use_fsync: 0
2025/09/01-04:34:52.623383 28f0                       Options.max_log_file_size: 0
2025/09/01-04:34:52.623386 28f0                  Options.max_manifest_file_size: 1073741824
2025/09/01-04:34:52.623388 28f0                   Options.log_file_time_to_roll: 0
2025/09/01-04:34:52.623391 28f0                       Options.keep_log_file_num: 10
2025/09/01-04:34:52.623393 28f0                    Options.recycle_log_file_num: 0
2025/09/01-04:34:52.623396 28f0                         Options.allow_fallocate: 1
2025/09/01-04:34:52.623398 28f0                        Options.allow_mmap_reads: 0
2025/09/01-04:34:52.623400 28f0                       Options.allow_mmap_writes: 0
2025/09/01-04:34:52.623402 28f0                        Options.use_direct_reads: 0
2025/09/01-04:34:52.623405 28f0                        Options.use_direct_io_for_flush_and_compaction: 0
2025/09/01-04:34:52.623407 28f0          Options.create_missing_column_families: 0
2025/09/01-04:34:52.623410 28f0                              Options.db_log_dir: 
2025/09/01-04:34:52.623412 28f0                                 Options.wal_dir: 
2025/09/01-04:34:52.623414 28f0                Options.table_cache_numshardbits: 6
2025/09/01-04:34:52.623417 28f0                         Options.WAL_ttl_seconds: 0
2025/09/01-04:34:52.623419 28f0                       Options.WAL_size_limit_MB: 0
2025/09/01-04:34:52.623421 28f0                        Options.max_write_batch_group_size_bytes: 1048576
2025/09/01-04:34:52.623424 28f0             Options.manifest_preallocation_size: 4194304
2025/09/01-04:34:52.623426 28f0                     Options.is_fd_close_on_exec: 1
2025/09/01-04:34:52.623429 28f0                   Options.advise_random_on_open: 1
2025/09/01-04:34:52.623431 28f0                    Options.db_write_buffer_size: 0
2025/09/01-04:34:52.623433 28f0                    Options.write_buffer_manager: 00000178597B6900
2025/09/01-04:34:52.623436 28f0         Options.access_hint_on_compaction_start: 1
2025/09/01-04:34:52.623438 28f0           Options.random_access_max_buffer_size: 1048576
2025/09/01-04:34:52.623441 28f0                      Options.use_adaptive_mutex: 0
2025/09/01-04:34:52.623443 28f0                            Options.rate_limiter: 0000000000000000
2025/09/01-04:34:52.623446 28f0     Options.sst_file_manager.rate_bytes_per_sec: 0
2025/09/01-04:34:52.623448 28f0                       Options.wal_recovery_mode: 2
2025/09/01-04:34:52.623474 28f0                  Options.enable_thread_tracking: 0
2025/09/01-04:34:52.623478 28f0                  Options.enable_pipelined_write: 0
2025/09/01-04:34:52.623481 28f0                  Options.unordered_write: 0
2025/09/01-04:34:52.623483 28f0         Options.allow_concurrent_memtable_write: 1
2025/09/01-04:34:52.623486 28f0      Options.enable_write_thread_adaptive_yield: 1
2025/09/01-04:34:52.623488 28f0             Options.write_thread_max_yield_usec: 100
2025/09/01-04:34:52.623490 28f0            Options.write_thread_slow_yield_usec: 3
2025/09/01-04:34:52.623493 28f0                               Options.row_cache: None
2025/09/01-04:34:52.623495 28f0                              Options.wal_filter: None
2025/09/01-04:34:52.623498 28f0             Options.avoid_flush_during_recovery: 0
2025/09/01-04:34:52.623500 28f0             Options.allow_ingest_behind: 0
2025/09/01-04:34:52.623502 28f0             Options.two_write_queues: 0
2025/09/01-04:34:52.623505 28f0             Options.manual_wal_flush: 0
2025/09/01-04:34:52.623507 28f0             Options.wal_compression: 0
2025/09/01-04:34:52.623509 28f0             Options.atomic_flush: 0
2025/09/01-04:34:52.623512 28f0             Options.avoid_unnecessary_blocking_io: 0
2025/09/01-04:34:52.623514 28f0                 Options.persist_stats_to_disk: 0
2025/09/01-04:34:52.623516 28f0                 Options.write_dbid_to_manifest: 0
2025/09/01-04:34:52.623519 28f0                 Options.log_readahead_size: 0
2025/09/01-04:34:52.623521 28f0                 Options.file_checksum_gen_factory: Unknown
2025/09/01-04:34:52.623524 28f0                 Options.best_efforts_recovery: 0
2025/09/01-04:34:52.623526 28f0                Options.max_bgerror_resume_count: 2147483647
2025/09/01-04:34:52.623528 28f0            Options.bgerror_resume_retry_interval: 1000000
2025/09/01-04:34:52.623531 28f0             Options.allow_data_in_errors: 0
2025/09/01-04:34:52.623533 28f0             Options.db_host_id: __hostname__
2025/09/01-04:34:52.623536 28f0             Options.enforce_single_del_contracts: true
2025/09/01-04:34:52.623538 28f0             Options.max_background_jobs: 2
2025/09/01-04:34:52.623540 28f0             Options.max_background_compactions: -1
2025/09/01-04:34:52.623543 28f0             Options.max_subcompactions: 1
2025/09/01-04:34:52.623545 28f0             Options.avoid_flush_during_shutdown: 0
2025/09/01-04:34:52.623548 28f0           Options.writable_file_max_buffer_size: 1048576
2025/09/01-04:34:52.623550 28f0             Options.delayed_write_rate : 16777216
2025/09/01-04:34:52.623552 28f0             Options.max_total_wal_size: 0
2025/09/01-04:34:52.623555 28f0             Options.delete_obsolete_files_period_micros: 21600000000
2025/09/01-04:34:52.623557 28f0                   Options.stats_dump_period_sec: 600
2025/09/01-04:34:52.623560 28f0                 Options.stats_persist_period_sec: 600
2025/09/01-04:34:52.623562 28f0                 Options.stats_history_buffer_size: 1048576
2025/09/01-04:34:52.623565 28f0                          Options.max_open_files: -1
2025/09/01-04:34:52.623567 28f0                          Options.bytes_per_sync: 0
2025/09/01-04:34:52.623569 28f0                      Options.wal_bytes_per_sync: 0
2025/09/01-04:34:52.623572 28f0                   Options.strict_bytes_per_sync: 0
2025/09/01-04:34:52.623574 28f0       Options.compaction_readahead_size: 0
2025/09/01-04:34:52.623576 28f0                  Options.max_background_flushes: -1
2025/09/01-04:34:52.623579 28f0 Compression algorithms supported:
2025/09/01-04:34:52.623584 28f0 	kZSTD supported: 0
2025/09/01-04:34:52.623586 28f0 	kSnappyCompression supported: 0
2025/09/01-04:34:52.623589 28f0 	kBZip2Compression supported: 0
2025/09/01-04:34:52.623591 28f0 	kZlibCompression supported: 1
2025/09/01-04:34:52.623594 28f0 	kLZ4Compression supported: 1
2025/09/01-04:34:52.623596 28f0 	kXpressCompression supported: 0
2025/09/01-04:34:52.623599 28f0 	kLZ4HCCompression supported: 1
2025/09/01-04:34:52.623613 28f0 	kZSTDNotFinalCompression supported: 0
2025/09/01-04:34:52.623619 28f0 Fast CRC32 supported: Not supported on x86
2025/09/01-04:34:52.623622 28f0 DMutex implementation: std::mutex
2025/09/01-04:34:52.624532 28f0 [db\version_set.cc:5791] Recovering from manifest file: C:\Users\Administrator\Desktop\txData\FiveMBasicServerCFXDefault_B41FA1.base\db\default/MANIFEST-000137
2025/09/01-04:34:52.624764 28f0 [db\column_family.cc:621] --------------- Options for column family [default]:
2025/09/01-04:34:52.624771 28f0               Options.comparator: leveldb.BytewiseComparator
2025/09/01-04:34:52.624774 28f0           Options.merge_operator: None
2025/09/01-04:34:52.624777 28f0        Options.compaction_filter: None
2025/09/01-04:34:52.624779 28f0        Options.compaction_filter_factory: None
2025/09/01-04:34:52.624782 28f0  Options.sst_partitioner_factory: None
2025/09/01-04:34:52.624784 28f0         Options.memtable_factory: SkipListFactory
2025/09/01-04:34:52.624787 28f0            Options.table_factory: BlockBasedTable
2025/09/01-04:34:52.624816 28f0            table_factory options:   flush_block_policy_factory: FlushBlockBySizePolicyFactory (0000017857837500)
  cache_index_and_filter_blocks: 0
  cache_index_and_filter_blocks_with_high_priority: 1
  pin_l0_filter_and_index_blocks_in_cache: 0
  pin_top_level_index_and_filter: 1
  index_type: 0
  data_block_index_type: 0
  index_shortening: 1
  data_block_hash_table_util_ratio: 0.750000
  checksum: 4
  no_block_cache: 0
  block_cache: 00000178597B6AF0
  block_cache_name: LRUCache
  block_cache_options:
    capacity : 33554432
    num_shard_bits : 6
    strict_capacity_limit : 0
    memory_allocator : None
    high_pri_pool_ratio: 0.500
    low_pri_pool_ratio: 0.000
  persistent_cache: 0000000000000000
  block_size: 4096
  block_size_deviation: 10
  block_restart_interval: 16
  index_block_restart_interval: 1
  metadata_block_size: 4096
  partition_filters: 0
  use_delta_encoding: 1
  filter_policy: nullptr
  whole_key_filtering: 1
  verify_compression: 0
  read_amp_bytes_per_bit: 0
  format_version: 5
  enable_index_compression: 1
  block_align: 0
  max_auto_readahead_size: 262144
  prepopulate_block_cache: 0
  initial_auto_readahead_size: 8192
  num_file_reads_for_auto_readahead: 2
2025/09/01-04:34:52.624820 28f0        Options.write_buffer_size: 67108864
2025/09/01-04:34:52.624823 28f0  Options.max_write_buffer_number: 2
2025/09/01-04:34:52.624826 28f0          Options.compression: LZ4
2025/09/01-04:34:52.624828 28f0                  Options.bottommost_compression: Disabled
2025/09/01-04:34:52.624830 28f0       Options.prefix_extractor: nullptr
2025/09/01-04:34:52.624833 28f0   Options.memtable_insert_with_hint_prefix_extractor: nullptr
2025/09/01-04:34:52.624835 28f0             Options.num_levels: 7
2025/09/01-04:34:52.624837 28f0        Options.min_write_buffer_number_to_merge: 1
2025/09/01-04:34:52.624840 28f0     Options.max_write_buffer_number_to_maintain: 0
2025/09/01-04:34:52.624842 28f0     Options.max_write_buffer_size_to_maintain: 0
2025/09/01-04:34:52.624844 28f0            Options.bottommost_compression_opts.window_bits: -14
2025/09/01-04:34:52.624847 28f0                  Options.bottommost_compression_opts.level: 32767
2025/09/01-04:34:52.624849 28f0               Options.bottommost_compression_opts.strategy: 0
2025/09/01-04:34:52.624852 28f0         Options.bottommost_compression_opts.max_dict_bytes: 0
2025/09/01-04:34:52.624854 28f0         Options.bottommost_compression_opts.zstd_max_train_bytes: 0
2025/09/01-04:34:52.624857 28f0         Options.bottommost_compression_opts.parallel_threads: 1
2025/09/01-04:34:52.624859 28f0                  Options.bottommost_compression_opts.enabled: false
2025/09/01-04:34:52.624862 28f0         Options.bottommost_compression_opts.max_dict_buffer_bytes: 0
2025/09/01-04:34:52.624864 28f0         Options.bottommost_compression_opts.use_zstd_dict_trainer: true
2025/09/01-04:34:52.624866 28f0            Options.compression_opts.window_bits: -14
2025/09/01-04:34:52.624869 28f0                  Options.compression_opts.level: 32767
2025/09/01-04:34:52.624872 28f0               Options.compression_opts.strategy: 0
2025/09/01-04:34:52.624876 28f0         Options.compression_opts.max_dict_bytes: 0
2025/09/01-04:34:52.624878 28f0         Options.compression_opts.zstd_max_train_bytes: 0
2025/09/01-04:34:52.624880 28f0         Options.compression_opts.use_zstd_dict_trainer: true
2025/09/01-04:34:52.624883 28f0         Options.compression_opts.parallel_threads: 1
2025/09/01-04:34:52.624885 28f0                  Options.compression_opts.enabled: false
2025/09/01-04:34:52.624888 28f0         Options.compression_opts.max_dict_buffer_bytes: 0
2025/09/01-04:34:52.624890 28f0      Options.level0_file_num_compaction_trigger: 4
2025/09/01-04:34:52.624892 28f0          Options.level0_slowdown_writes_trigger: 20
2025/09/01-04:34:52.624895 28f0              Options.level0_stop_writes_trigger: 36
2025/09/01-04:34:52.624897 28f0                   Options.target_file_size_base: 67108864
2025/09/01-04:34:52.624899 28f0             Options.target_file_size_multiplier: 1
2025/09/01-04:34:52.624903 28f0                Options.max_bytes_for_level_base: 268435456
2025/09/01-04:34:52.624905 28f0 Options.level_compaction_dynamic_level_bytes: 0
2025/09/01-04:34:52.624908 28f0          Options.max_bytes_for_level_multiplier: 10.000000
2025/09/01-04:34:52.624911 28f0 Options.max_bytes_for_level_multiplier_addtl[0]: 1
2025/09/01-04:34:52.624913 28f0 Options.max_bytes_for_level_multiplier_addtl[1]: 1
2025/09/01-04:34:52.624916 28f0 Options.max_bytes_for_level_multiplier_addtl[2]: 1
2025/09/01-04:34:52.624918 28f0 Options.max_bytes_for_level_multiplier_addtl[3]: 1
2025/09/01-04:34:52.624920 28f0 Options.max_bytes_for_level_multiplier_addtl[4]: 1
2025/09/01-04:34:52.624923 28f0 Options.max_bytes_for_level_multiplier_addtl[5]: 1
2025/09/01-04:34:52.624925 28f0 Options.max_bytes_for_level_multiplier_addtl[6]: 1
2025/09/01-04:34:52.624927 28f0       Options.max_sequential_skip_in_iterations: 8
2025/09/01-04:34:52.624930 28f0                    Options.max_compaction_bytes: 1677721600
2025/09/01-04:34:52.624932 28f0   Options.ignore_max_compaction_bytes_for_input: true
2025/09/01-04:34:52.624934 28f0                        Options.arena_block_size: 1048576
2025/09/01-04:34:52.624937 28f0   Options.soft_pending_compaction_bytes_limit: 68719476736
2025/09/01-04:34:52.624939 28f0   Options.hard_pending_compaction_bytes_limit: 274877906944
2025/09/01-04:34:52.624942 28f0                Options.disable_auto_compactions: 0
2025/09/01-04:34:52.624945 28f0                        Options.compaction_style: kCompactionStyleLevel
2025/09/01-04:34:52.624948 28f0                          Options.compaction_pri: kMinOverlappingRatio
2025/09/01-04:34:52.624950 28f0 Options.compaction_options_universal.size_ratio: 1
2025/09/01-04:34:52.624953 28f0 Options.compaction_options_universal.min_merge_width: 2
2025/09/01-04:34:52.624955 28f0 Options.compaction_options_universal.max_merge_width: 4294967295
2025/09/01-04:34:52.624957 28f0 Options.compaction_options_universal.max_size_amplification_percent: 200
2025/09/01-04:34:52.624960 28f0 Options.compaction_options_universal.compression_size_percent: -1
2025/09/01-04:34:52.624963 28f0 Options.compaction_options_universal.stop_style: kCompactionStopStyleTotalSize
2025/09/01-04:34:52.624965 28f0 Options.compaction_options_fifo.max_table_files_size: 1073741824
2025/09/01-04:34:52.624967 28f0 Options.compaction_options_fifo.allow_compaction: 0
2025/09/01-04:34:52.624971 28f0                   Options.table_properties_collectors: 
2025/09/01-04:34:52.624973 28f0                   Options.inplace_update_support: 0
2025/09/01-04:34:52.624976 28f0                 Options.inplace_update_num_locks: 10000
2025/09/01-04:34:52.624978 28f0               Options.memtable_prefix_bloom_size_ratio: 0.000000
2025/09/01-04:34:52.624981 28f0               Options.memtable_whole_key_filtering: 0
2025/09/01-04:34:52.624983 28f0   Options.memtable_huge_page_size: 0
2025/09/01-04:34:52.624986 28f0                           Options.bloom_locality: 0
2025/09/01-04:34:52.625008 28f0                    Options.max_successive_merges: 0
2025/09/01-04:34:52.625013 28f0                Options.optimize_filters_for_hits: 0
2025/09/01-04:34:52.625015 28f0                Options.paranoid_file_checks: 0
2025/09/01-04:34:52.625017 28f0                Options.force_consistency_checks: 1
2025/09/01-04:34:52.625020 28f0                Options.report_bg_io_stats: 0
2025/09/01-04:34:52.625022 28f0                               Options.ttl: 2592000
2025/09/01-04:34:52.625025 28f0          Options.periodic_compaction_seconds: 0
2025/09/01-04:34:52.625027 28f0  Options.preclude_last_level_data_seconds: 0
2025/09/01-04:34:52.625029 28f0    Options.preserve_internal_time_seconds: 0
2025/09/01-04:34:52.625032 28f0                       Options.enable_blob_files: false
2025/09/01-04:34:52.625034 28f0                           Options.min_blob_size: 0
2025/09/01-04:34:52.625036 28f0                          Options.blob_file_size: 268435456
2025/09/01-04:34:52.625039 28f0                   Options.blob_compression_type: NoCompression
2025/09/01-04:34:52.625041 28f0          Options.enable_blob_garbage_collection: false
2025/09/01-04:34:52.625044 28f0      Options.blob_garbage_collection_age_cutoff: 0.250000
2025/09/01-04:34:52.625047 28f0 Options.blob_garbage_collection_force_threshold: 1.000000
2025/09/01-04:34:52.625049 28f0          Options.blob_compaction_readahead_size: 0
2025/09/01-04:34:52.625052 28f0                Options.blob_file_starting_level: 0
2025/09/01-04:34:52.625054 28f0 Options.experimental_mempurge_threshold: 0.000000
2025/09/01-04:34:52.627222 28f0 [db\version_set.cc:5842] Recovered from manifest file:C:\Users\Administrator\Desktop\txData\FiveMBasicServerCFXDefault_B41FA1.base\db\default/MANIFEST-000137 succeeded,manifest_file_number is 137, next_file_number is 139, last_sequence is 0, log_number is 133,prev_log_number is 0,max_column_family is 0,min_log_number_to_keep is 133
2025/09/01-04:34:52.627232 28f0 [db\version_set.cc:5851] Column family [default] (ID 0), log number is 133
2025/09/01-04:34:52.627510 28f0 [db\db_impl\db_impl_open.cc:636] DB ID: ff49f04c-8657-11f0-98b3-901b0ef7133c
2025/09/01-04:34:52.629650 28f0 EVENT_LOG_v1 {"time_micros": 1756694092629643, "job": 1, "event": "recovery_started", "wal_files": [136]}
2025/09/01-04:34:52.629658 28f0 [db\db_impl\db_impl_open.cc:1131] Recovering log #136 mode 2
2025/09/01-04:34:52.632026 28f0 EVENT_LOG_v1 {"time_micros": 1756694092632022, "job": 1, "event": "recovery_finished"}
2025/09/01-04:34:52.632373 28f0 [db\version_set.cc:5304] Creating manifest 141
2025/09/01-04:34:52.652579 28f0 [file\delete_scheduler.cc:77] Deleted file C:\Users\Administrator\Desktop\txData\FiveMBasicServerCFXDefault_B41FA1.base\db\default/000136.log immediately, rate_bytes_per_sec 0, total_trash_size 0 max_trash_db_ratio 0.250000
2025/09/01-04:34:52.652600 28f0 [db\db_impl\db_impl_files.cc:654] [JOB 2] Delete info log file C:\Users\Administrator\Desktop\txData\FiveMBasicServerCFXDefault_B41FA1.base\db\default//LOG.old.1756689653364851
2025/09/01-04:34:52.652831 28f0 [db\db_impl\db_impl_open.cc:2085] SstFileManager instance 0000017868901950
2025/09/01-04:34:52.653881 28f0 DB pointer 0000017869606E40
2025/09/01-04:34:52.654358 22d0 [db\db_impl\db_impl.cc:1091] ------- DUMPING STATS -------
2025/09/01-04:34:52.654369 22d0 [db\db_impl\db_impl.cc:1092] 
** DB Stats **
Uptime(secs): 0.0 total, 0.0 interval
Cumulative writes: 0 writes, 0 keys, 0 commit groups, 0.0 writes per commit group, ingest: 0.00 GB, 0.00 MB/s
Cumulative WAL: 0 writes, 0 syncs, 0.00 writes per sync, written: 0.00 GB, 0.00 MB/s
Cumulative stall: 00:00:0.000 H:M:S, 0.0 percent
Interval writes: 0 writes, 0 keys, 0 commit groups, 0.0 writes per commit group, ingest: 0.00 MB, 0.00 MB/s
Interval WAL: 0 writes, 0 syncs, 0.00 writes per sync, written: 0.00 GB, 0.00 MB/s
Interval stall: 00:00:0.000 H:M:S, 0.0 percent
Write Stall (count): write-buffer-manager-limit-stops: 0

** Compaction Stats [default] **
Level    Files   Size     Score Read(GB)  Rn(GB) Rnp1(GB) Write(GB) Wnew(GB) Moved(GB) W-Amp Rd(MB/s) Wr(MB/s) Comp(sec) CompMergeCPU(sec) Comp(cnt) Avg(sec) KeyIn KeyDrop Rblob(GB) Wblob(GB)
------------------------------------------------------------------------------------------------------------------------------------------------------------------------------------------------
 Sum      0/0    0.00 KB   0.0      0.0     0.0      0.0       0.0      0.0       0.0   0.0      0.0      0.0      0.00              0.00         0    0.000       0      0       0.0       0.0
 Int      0/0    0.00 KB   0.0      0.0     0.0      0.0       0.0      0.0       0.0   0.0      0.0      0.0      0.00              0.00         0    0.000       0      0       0.0       0.0

** Compaction Stats [default] **
Priority    Files   Size     Score Read(GB)  Rn(GB) Rnp1(GB) Write(GB) Wnew(GB) Moved(GB) W-Amp Rd(MB/s) Wr(MB/s) Comp(sec) CompMergeCPU(sec) Comp(cnt) Avg(sec) KeyIn KeyDrop Rblob(GB) Wblob(GB)
---------------------------------------------------------------------------------------------------------------------------------------------------------------------------------------------------

Blob file count: 0, total size: 0.0 GB, garbage size: 0.0 GB, space amp: 0.0

Uptime(secs): 0.0 total, 0.0 interval
Flush(GB): cumulative 0.000, interval 0.000
AddFile(GB): cumulative 0.000, interval 0.000
AddFile(Total Files): cumulative 0, interval 0
AddFile(L0 Files): cumulative 0, interval 0
AddFile(Keys): cumulative 0, interval 0
Cumulative compaction: 0.00 GB write, 0.00 MB/s write, 0.00 GB read, 0.00 MB/s read, 0.0 seconds
Interval compaction: 0.00 GB write, 0.00 MB/s write, 0.00 GB read, 0.00 MB/s read, 0.0 seconds
Write Stall (count): cf-l0-file-count-limit-delays-with-ongoing-compaction: 0, cf-l0-file-count-limit-stops-with-ongoing-compaction: 0, l0-file-count-limit-delays: 0, l0-file-count-limit-stops: 0, memtable-limit-delays: 0, memtable-limit-stops: 0, pending-compaction-bytes-delays: 0, pending-compaction-bytes-stops: 0, total-delays: 0, total-stops: 0
Block cache LRUCache@00000178597B6AF0#7536 capacity: 32.00 MB seed: 166925595 usage: 0.08 KB table_size: 1024 occupancy: 1 collections: 1 last_copies: 0 last_secs: 5.2e-05 secs_since: 0
Block cache entry stats(count,size,portion): Misc(1,0.00 KB,0%)

** File Read Latency Histogram By Level [default] **
2025/09/01-04:44:52.655693 22d0 [db\db_impl\db_impl.cc:1091] ------- DUMPING STATS -------
2025/09/01-04:44:52.655759 22d0 [db\db_impl\db_impl.cc:1092] 
** DB Stats **
Uptime(secs): 600.0 total, 600.0 interval
Cumulative writes: 0 writes, 0 keys, 0 commit groups, 0.0 writes per commit group, ingest: 0.00 GB, 0.00 MB/s
Cumulative WAL: 0 writes, 0 syncs, 0.00 writes per sync, written: 0.00 GB, 0.00 MB/s
Cumulative stall: 00:00:0.000 H:M:S, 0.0 percent
Interval writes: 0 writes, 0 keys, 0 commit groups, 0.0 writes per commit group, ingest: 0.00 MB, 0.00 MB/s
Interval WAL: 0 writes, 0 syncs, 0.00 writes per sync, written: 0.00 GB, 0.00 MB/s
Interval stall: 00:00:0.000 H:M:S, 0.0 percent
Write Stall (count): write-buffer-manager-limit-stops: 0

** Compaction Stats [default] **
Level    Files   Size     Score Read(GB)  Rn(GB) Rnp1(GB) Write(GB) Wnew(GB) Moved(GB) W-Amp Rd(MB/s) Wr(MB/s) Comp(sec) CompMergeCPU(sec) Comp(cnt) Avg(sec) KeyIn KeyDrop Rblob(GB) Wblob(GB)
------------------------------------------------------------------------------------------------------------------------------------------------------------------------------------------------
 Sum      0/0    0.00 KB   0.0      0.0     0.0      0.0       0.0      0.0       0.0   0.0      0.0      0.0      0.00              0.00         0    0.000       0      0       0.0       0.0
 Int      0/0    0.00 KB   0.0      0.0     0.0      0.0       0.0      0.0       0.0   0.0      0.0      0.0      0.00              0.00         0    0.000       0      0       0.0       0.0

** Compaction Stats [default] **
Priority    Files   Size     Score Read(GB)  Rn(GB) Rnp1(GB) Write(GB) Wnew(GB) Moved(GB) W-Amp Rd(MB/s) Wr(MB/s) Comp(sec) CompMergeCPU(sec) Comp(cnt) Avg(sec) KeyIn KeyDrop Rblob(GB) Wblob(GB)
---------------------------------------------------------------------------------------------------------------------------------------------------------------------------------------------------

Blob file count: 0, total size: 0.0 GB, garbage size: 0.0 GB, space amp: 0.0

Uptime(secs): 600.0 total, 600.0 interval
Flush(GB): cumulative 0.000, interval 0.000
AddFile(GB): cumulative 0.000, interval 0.000
AddFile(Total Files): cumulative 0, interval 0
AddFile(L0 Files): cumulative 0, interval 0
AddFile(Keys): cumulative 0, interval 0
Cumulative compaction: 0.00 GB write, 0.00 MB/s write, 0.00 GB read, 0.00 MB/s read, 0.0 seconds
Interval compaction: 0.00 GB write, 0.00 MB/s write, 0.00 GB read, 0.00 MB/s read, 0.0 seconds
Write Stall (count): cf-l0-file-count-limit-delays-with-ongoing-compaction: 0, cf-l0-file-count-limit-stops-with-ongoing-compaction: 0, l0-file-count-limit-delays: 0, l0-file-count-limit-stops: 0, memtable-limit-delays: 0, memtable-limit-stops: 0, pending-compaction-bytes-delays: 0, pending-compaction-bytes-stops: 0, total-delays: 0, total-stops: 0
Block cache LRUCache@00000178597B6AF0#7536 capacity: 32.00 MB seed: 166925595 usage: 0.08 KB table_size: 1024 occupancy: 1 collections: 2 last_copies: 0 last_secs: 0.000164 secs_since: 0
Block cache entry stats(count,size,portion): Misc(1,0.00 KB,0%)

** File Read Latency Histogram By Level [default] **
2025/09/01-04:54:52.656735 22d0 [db\db_impl\db_impl.cc:1091] ------- DUMPING STATS -------
2025/09/01-04:54:52.656788 22d0 [db\db_impl\db_impl.cc:1092] 
** DB Stats **
Uptime(secs): 1200.0 total, 600.0 interval
Cumulative writes: 0 writes, 0 keys, 0 commit groups, 0.0 writes per commit group, ingest: 0.00 GB, 0.00 MB/s
Cumulative WAL: 0 writes, 0 syncs, 0.00 writes per sync, written: 0.00 GB, 0.00 MB/s
Cumulative stall: 00:00:0.000 H:M:S, 0.0 percent
Interval writes: 0 writes, 0 keys, 0 commit groups, 0.0 writes per commit group, ingest: 0.00 MB, 0.00 MB/s
Interval WAL: 0 writes, 0 syncs, 0.00 writes per sync, written: 0.00 GB, 0.00 MB/s
Interval stall: 00:00:0.000 H:M:S, 0.0 percent
Write Stall (count): write-buffer-manager-limit-stops: 0

** Compaction Stats [default] **
Level    Files   Size     Score Read(GB)  Rn(GB) Rnp1(GB) Write(GB) Wnew(GB) Moved(GB) W-Amp Rd(MB/s) Wr(MB/s) Comp(sec) CompMergeCPU(sec) Comp(cnt) Avg(sec) KeyIn KeyDrop Rblob(GB) Wblob(GB)
------------------------------------------------------------------------------------------------------------------------------------------------------------------------------------------------
 Sum      0/0    0.00 KB   0.0      0.0     0.0      0.0       0.0      0.0       0.0   0.0      0.0      0.0      0.00              0.00         0    0.000       0      0       0.0       0.0
 Int      0/0    0.00 KB   0.0      0.0     0.0      0.0       0.0      0.0       0.0   0.0      0.0      0.0      0.00              0.00         0    0.000       0      0       0.0       0.0

** Compaction Stats [default] **
Priority    Files   Size     Score Read(GB)  Rn(GB) Rnp1(GB) Write(GB) Wnew(GB) Moved(GB) W-Amp Rd(MB/s) Wr(MB/s) Comp(sec) CompMergeCPU(sec) Comp(cnt) Avg(sec) KeyIn KeyDrop Rblob(GB) Wblob(GB)
---------------------------------------------------------------------------------------------------------------------------------------------------------------------------------------------------

Blob file count: 0, total size: 0.0 GB, garbage size: 0.0 GB, space amp: 0.0

Uptime(secs): 1200.0 total, 600.0 interval
Flush(GB): cumulative 0.000, interval 0.000
AddFile(GB): cumulative 0.000, interval 0.000
AddFile(Total Files): cumulative 0, interval 0
AddFile(L0 Files): cumulative 0, interval 0
AddFile(Keys): cumulative 0, interval 0
Cumulative compaction: 0.00 GB write, 0.00 MB/s write, 0.00 GB read, 0.00 MB/s read, 0.0 seconds
Interval compaction: 0.00 GB write, 0.00 MB/s write, 0.00 GB read, 0.00 MB/s read, 0.0 seconds
Write Stall (count): cf-l0-file-count-limit-delays-with-ongoing-compaction: 0, cf-l0-file-count-limit-stops-with-ongoing-compaction: 0, l0-file-count-limit-delays: 0, l0-file-count-limit-stops: 0, memtable-limit-delays: 0, memtable-limit-stops: 0, pending-compaction-bytes-delays: 0, pending-compaction-bytes-stops: 0, total-delays: 0, total-stops: 0
Block cache LRUCache@00000178597B6AF0#7536 capacity: 32.00 MB seed: 166925595 usage: 0.08 KB table_size: 1024 occupancy: 1 collections: 3 last_copies: 0 last_secs: 0.000144 secs_since: 0
Block cache entry stats(count,size,portion): Misc(1,0.00 KB,0%)

** File Read Latency Histogram By Level [default] **
2025/09/01-05:04:52.658054 22d0 [db\db_impl\db_impl.cc:1091] ------- DUMPING STATS -------
2025/09/01-05:04:52.658213 22d0 [db\db_impl\db_impl.cc:1092] 
** DB Stats **
Uptime(secs): 1800.0 total, 600.0 interval
Cumulative writes: 0 writes, 0 keys, 0 commit groups, 0.0 writes per commit group, ingest: 0.00 GB, 0.00 MB/s
Cumulative WAL: 0 writes, 0 syncs, 0.00 writes per sync, written: 0.00 GB, 0.00 MB/s
Cumulative stall: 00:00:0.000 H:M:S, 0.0 percent
Interval writes: 0 writes, 0 keys, 0 commit groups, 0.0 writes per commit group, ingest: 0.00 MB, 0.00 MB/s
Interval WAL: 0 writes, 0 syncs, 0.00 writes per sync, written: 0.00 GB, 0.00 MB/s
Interval stall: 00:00:0.000 H:M:S, 0.0 percent
Write Stall (count): write-buffer-manager-limit-stops: 0
2025/09/01-05:14:52.659291 22d0 [db\db_impl\db_impl.cc:1091] ------- DUMPING STATS -------
2025/09/01-05:14:52.659345 22d0 [db\db_impl\db_impl.cc:1092] 
** DB Stats **
Uptime(secs): 2400.0 total, 600.0 interval
Cumulative writes: 0 writes, 0 keys, 0 commit groups, 0.0 writes per commit group, ingest: 0.00 GB, 0.00 MB/s
Cumulative WAL: 0 writes, 0 syncs, 0.00 writes per sync, written: 0.00 GB, 0.00 MB/s
Cumulative stall: 00:00:0.000 H:M:S, 0.0 percent
Interval writes: 0 writes, 0 keys, 0 commit groups, 0.0 writes per commit group, ingest: 0.00 MB, 0.00 MB/s
Interval WAL: 0 writes, 0 syncs, 0.00 writes per sync, written: 0.00 GB, 0.00 MB/s
Interval stall: 00:00:0.000 H:M:S, 0.0 percent
Write Stall (count): write-buffer-manager-limit-stops: 0
2025/09/01-05:24:52.660565 22d0 [db\db_impl\db_impl.cc:1091] ------- DUMPING STATS -------
2025/09/01-05:24:52.660617 22d0 [db\db_impl\db_impl.cc:1092] 
** DB Stats **
Uptime(secs): 3000.0 total, 600.0 interval
Cumulative writes: 0 writes, 0 keys, 0 commit groups, 0.0 writes per commit group, ingest: 0.00 GB, 0.00 MB/s
Cumulative WAL: 0 writes, 0 syncs, 0.00 writes per sync, written: 0.00 GB, 0.00 MB/s
Cumulative stall: 00:00:0.000 H:M:S, 0.0 percent
Interval writes: 0 writes, 0 keys, 0 commit groups, 0.0 writes per commit group, ingest: 0.00 MB, 0.00 MB/s
Interval WAL: 0 writes, 0 syncs, 0.00 writes per sync, written: 0.00 GB, 0.00 MB/s
Interval stall: 00:00:0.000 H:M:S, 0.0 percent
Write Stall (count): write-buffer-manager-limit-stops: 0
2025/09/01-05:34:52.661389 22d0 [db\db_impl\db_impl.cc:1091] ------- DUMPING STATS -------
2025/09/01-05:34:52.661517 22d0 [db\db_impl\db_impl.cc:1092] 
** DB Stats **
Uptime(secs): 3600.0 total, 600.0 interval
Cumulative writes: 0 writes, 0 keys, 0 commit groups, 0.0 writes per commit group, ingest: 0.00 GB, 0.00 MB/s
Cumulative WAL: 0 writes, 0 syncs, 0.00 writes per sync, written: 0.00 GB, 0.00 MB/s
Cumulative stall: 00:00:0.000 H:M:S, 0.0 percent
Interval writes: 0 writes, 0 keys, 0 commit groups, 0.0 writes per commit group, ingest: 0.00 MB, 0.00 MB/s
Interval WAL: 0 writes, 0 syncs, 0.00 writes per sync, written: 0.00 GB, 0.00 MB/s
Interval stall: 00:00:0.000 H:M:S, 0.0 percent
Write Stall (count): write-buffer-manager-limit-stops: 0
2025/09/01-05:44:52.662553 22d0 [db\db_impl\db_impl.cc:1091] ------- DUMPING STATS -------
2025/09/01-05:44:52.662598 22d0 [db\db_impl\db_impl.cc:1092] 
** DB Stats **
Uptime(secs): 4200.0 total, 600.0 interval
Cumulative writes: 0 writes, 0 keys, 0 commit groups, 0.0 writes per commit group, ingest: 0.00 GB, 0.00 MB/s
Cumulative WAL: 0 writes, 0 syncs, 0.00 writes per sync, written: 0.00 GB, 0.00 MB/s
Cumulative stall: 00:00:0.000 H:M:S, 0.0 percent
Interval writes: 0 writes, 0 keys, 0 commit groups, 0.0 writes per commit group, ingest: 0.00 MB, 0.00 MB/s
Interval WAL: 0 writes, 0 syncs, 0.00 writes per sync, written: 0.00 GB, 0.00 MB/s
Interval stall: 00:00:0.000 H:M:S, 0.0 percent
Write Stall (count): write-buffer-manager-limit-stops: 0
2025/09/01-05:54:52.664083 22d0 [db\db_impl\db_impl.cc:1091] ------- DUMPING STATS -------
2025/09/01-05:54:52.664142 22d0 [db\db_impl\db_impl.cc:1092] 
** DB Stats **
Uptime(secs): 4800.0 total, 600.0 interval
Cumulative writes: 0 writes, 0 keys, 0 commit groups, 0.0 writes per commit group, ingest: 0.00 GB, 0.00 MB/s
Cumulative WAL: 0 writes, 0 syncs, 0.00 writes per sync, written: 0.00 GB, 0.00 MB/s
Cumulative stall: 00:00:0.000 H:M:S, 0.0 percent
Interval writes: 0 writes, 0 keys, 0 commit groups, 0.0 writes per commit group, ingest: 0.00 MB, 0.00 MB/s
Interval WAL: 0 writes, 0 syncs, 0.00 writes per sync, written: 0.00 GB, 0.00 MB/s
Interval stall: 00:00:0.000 H:M:S, 0.0 percent
Write Stall (count): write-buffer-manager-limit-stops: 0
2025/09/01-06:04:52.665282 22d0 [db\db_impl\db_impl.cc:1091] ------- DUMPING STATS -------
2025/09/01-06:04:52.665430 22d0 [db\db_impl\db_impl.cc:1092] 
** DB Stats **
Uptime(secs): 5400.0 total, 600.0 interval
Cumulative writes: 0 writes, 0 keys, 0 commit groups, 0.0 writes per commit group, ingest: 0.00 GB, 0.00 MB/s
Cumulative WAL: 0 writes, 0 syncs, 0.00 writes per sync, written: 0.00 GB, 0.00 MB/s
Cumulative stall: 00:00:0.000 H:M:S, 0.0 percent
Interval writes: 0 writes, 0 keys, 0 commit groups, 0.0 writes per commit group, ingest: 0.00 MB, 0.00 MB/s
Interval WAL: 0 writes, 0 syncs, 0.00 writes per sync, written: 0.00 GB, 0.00 MB/s
Interval stall: 00:00:0.000 H:M:S, 0.0 percent
Write Stall (count): write-buffer-manager-limit-stops: 0
2025/09/01-06:14:52.666690 22d0 [db\db_impl\db_impl.cc:1091] ------- DUMPING STATS -------
2025/09/01-06:14:52.666744 22d0 [db\db_impl\db_impl.cc:1092] 
** DB Stats **
Uptime(secs): 6000.0 total, 600.0 interval
Cumulative writes: 0 writes, 0 keys, 0 commit groups, 0.0 writes per commit group, ingest: 0.00 GB, 0.00 MB/s
Cumulative WAL: 0 writes, 0 syncs, 0.00 writes per sync, written: 0.00 GB, 0.00 MB/s
Cumulative stall: 00:00:0.000 H:M:S, 0.0 percent
Interval writes: 0 writes, 0 keys, 0 commit groups, 0.0 writes per commit group, ingest: 0.00 MB, 0.00 MB/s
Interval WAL: 0 writes, 0 syncs, 0.00 writes per sync, written: 0.00 GB, 0.00 MB/s
Interval stall: 00:00:0.000 H:M:S, 0.0 percent
Write Stall (count): write-buffer-manager-limit-stops: 0

** Compaction Stats [default] **
Level    Files   Size     Score Read(GB)  Rn(GB) Rnp1(GB) Write(GB) Wnew(GB) Moved(GB) W-Amp Rd(MB/s) Wr(MB/s) Comp(sec) CompMergeCPU(sec) Comp(cnt) Avg(sec) KeyIn KeyDrop Rblob(GB) Wblob(GB)
------------------------------------------------------------------------------------------------------------------------------------------------------------------------------------------------
 Sum      0/0    0.00 KB   0.0      0.0     0.0      0.0       0.0      0.0       0.0   0.0      0.0      0.0      0.00              0.00         0    0.000       0      0       0.0       0.0
 Int      0/0    0.00 KB   0.0      0.0     0.0      0.0       0.0      0.0       0.0   0.0      0.0      0.0      0.00              0.00         0    0.000       0      0       0.0       0.0

** Compaction Stats [default] **
Priority    Files   Size     Score Read(GB)  Rn(GB) Rnp1(GB) Write(GB) Wnew(GB) Moved(GB) W-Amp Rd(MB/s) Wr(MB/s) Comp(sec) CompMergeCPU(sec) Comp(cnt) Avg(sec) KeyIn KeyDrop Rblob(GB) Wblob(GB)
---------------------------------------------------------------------------------------------------------------------------------------------------------------------------------------------------

Blob file count: 0, total size: 0.0 GB, garbage size: 0.0 GB, space amp: 0.0

Uptime(secs): 6000.0 total, 4800.0 interval
Flush(GB): cumulative 0.000, interval 0.000
AddFile(GB): cumulative 0.000, interval 0.000
AddFile(Total Files): cumulative 0, interval 0
AddFile(L0 Files): cumulative 0, interval 0
AddFile(Keys): cumulative 0, interval 0
Cumulative compaction: 0.00 GB write, 0.00 MB/s write, 0.00 GB read, 0.00 MB/s read, 0.0 seconds
Interval compaction: 0.00 GB write, 0.00 MB/s write, 0.00 GB read, 0.00 MB/s read, 0.0 seconds
Write Stall (count): cf-l0-file-count-limit-delays-with-ongoing-compaction: 0, cf-l0-file-count-limit-stops-with-ongoing-compaction: 0, l0-file-count-limit-delays: 0, l0-file-count-limit-stops: 0, memtable-limit-delays: 0, memtable-limit-stops: 0, pending-compaction-bytes-delays: 0, pending-compaction-bytes-stops: 0, total-delays: 0, total-stops: 0
Block cache LRUCache@00000178597B6AF0#7536 capacity: 32.00 MB seed: 166925595 usage: 0.08 KB table_size: 1024 occupancy: 1 collections: 11 last_copies: 0 last_secs: 0.00016 secs_since: 0
Block cache entry stats(count,size,portion): Misc(1,0.00 KB,0%)

** File Read Latency Histogram By Level [default] **
2025/09/01-06:24:52.668306 22d0 [db\db_impl\db_impl.cc:1091] ------- DUMPING STATS -------
2025/09/01-06:24:52.668375 22d0 [db\db_impl\db_impl.cc:1092] 
** DB Stats **
Uptime(secs): 6600.0 total, 600.0 interval
Cumulative writes: 0 writes, 0 keys, 0 commit groups, 0.0 writes per commit group, ingest: 0.00 GB, 0.00 MB/s
Cumulative WAL: 0 writes, 0 syncs, 0.00 writes per sync, written: 0.00 GB, 0.00 MB/s
Cumulative stall: 00:00:0.000 H:M:S, 0.0 percent
Interval writes: 0 writes, 0 keys, 0 commit groups, 0.0 writes per commit group, ingest: 0.00 MB, 0.00 MB/s
Interval WAL: 0 writes, 0 syncs, 0.00 writes per sync, written: 0.00 GB, 0.00 MB/s
Interval stall: 00:00:0.000 H:M:S, 0.0 percent
Write Stall (count): write-buffer-manager-limit-stops: 0
2025/09/01-06:34:52.670242 22d0 [db\db_impl\db_impl.cc:1091] ------- DUMPING STATS -------
2025/09/01-06:34:52.670394 22d0 [db\db_impl\db_impl.cc:1092] 
** DB Stats **
Uptime(secs): 7200.0 total, 600.0 interval
Cumulative writes: 0 writes, 0 keys, 0 commit groups, 0.0 writes per commit group, ingest: 0.00 GB, 0.00 MB/s
Cumulative WAL: 0 writes, 0 syncs, 0.00 writes per sync, written: 0.00 GB, 0.00 MB/s
Cumulative stall: 00:00:0.000 H:M:S, 0.0 percent
Interval writes: 0 writes, 0 keys, 0 commit groups, 0.0 writes per commit group, ingest: 0.00 MB, 0.00 MB/s
Interval WAL: 0 writes, 0 syncs, 0.00 writes per sync, written: 0.00 GB, 0.00 MB/s
Interval stall: 00:00:0.000 H:M:S, 0.0 percent
Write Stall (count): write-buffer-manager-limit-stops: 0
2025/09/01-06:44:52.672247 22d0 [db\db_impl\db_impl.cc:1091] ------- DUMPING STATS -------
2025/09/01-06:44:52.672303 22d0 [db\db_impl\db_impl.cc:1092] 
** DB Stats **
Uptime(secs): 7800.0 total, 600.0 interval
Cumulative writes: 0 writes, 0 keys, 0 commit groups, 0.0 writes per commit group, ingest: 0.00 GB, 0.00 MB/s
Cumulative WAL: 0 writes, 0 syncs, 0.00 writes per sync, written: 0.00 GB, 0.00 MB/s
Cumulative stall: 00:00:0.000 H:M:S, 0.0 percent
Interval writes: 0 writes, 0 keys, 0 commit groups, 0.0 writes per commit group, ingest: 0.00 MB, 0.00 MB/s
Interval WAL: 0 writes, 0 syncs, 0.00 writes per sync, written: 0.00 GB, 0.00 MB/s
Interval stall: 00:00:0.000 H:M:S, 0.0 percent
Write Stall (count): write-buffer-manager-limit-stops: 0
2025/09/01-06:54:52.672736 22d0 [db\db_impl\db_impl.cc:1091] ------- DUMPING STATS -------
2025/09/01-06:54:52.672797 22d0 [db\db_impl\db_impl.cc:1092] 
** DB Stats **
